# oST version 5.0 parameters


[image]

width
644

height
482

[narrow_stereo/left]

camera matrix
370.375324 0.000000 324.012790
0.000000 370.608223 219.731359
0.000000 0.000000 1.000000

distortion
-0.317957 0.083678 0.000815 -0.000525 0.000000

rectification
0.999534 0.025861 0.016200
-0.025883 0.999664 0.001157
-0.016164 -0.001576 0.999868

projection
344.395681 0.000000 325.739120 0.000000
0.000000 344.395681 234.361490 0.000000
0.000000 0.000000 1.000000 0.000000


