# oST version 5.0 parameters


[image]

width
644

height
482

[narrow_stereo/right]

camera matrix
377.445941 0.000000 330.366883
0.000000 377.297641 242.358171
0.000000 0.000000 1.000000

distortion
-0.317951 0.084410 0.001462 -0.000229 0.000000

rectification
0.999759 0.009640 -0.019731
-0.009667 0.999952 -0.001271
0.019718 0.001462 0.999805

projection
344.395681 0.000000 325.739120 -42.015058
0.000000 344.395681 234.361490 0.000000
0.000000 0.000000 1.000000 0.000000
